2240.392072473248
525.5636132057109
0.1034972503398556
0.04183547817236343
0.13070447414718342
0.06558806554602918
2199.2112608193665
715.6933681049941
0.02152836234538817
0.02891886523469194
4565.789026003218
1572.9369512884425
2898384.413364808
680683.3531958631
133.8927734375
54.13523097548534
169.10878058057844
84.90587271547106
2845150.8674456635
926528.5256981659
27.862909279116476
37.43198250456137
5906802.464932528
2035974.4747807146
-1.21212121193178e-07
0.9999999384860514
0.10349734343434343
0.04183560601472658
0.13070450505050504
0.06558800330766548
-8.080808077631281e-08
1.0000000398657536
0.02152833333333333
0.028918997603197407
-2.929292929217919e-07
1.0000001396134321
-1.111111111033161e-07
1.0000001423831655
2.121212121167703e-07
0.999999992590533
9.09090909020607e-08
0.9999999864563089
3.03030303126489e-08
0.9999999251803503
3.03030303126489e-08
1.000000061739543
-3.03030302839401e-08
0.999999933061967
